22
39
107
75
115
78
94
14
99
115
115
7
71
105
12
115
115
104
115
82
91
11
26
115
39
92
76
115
64
115
6
22
115
115
36
73
89
11
115
10
97
30
42
60
85
115
34
45
24
86
115
115
115
115
115
67
97
8
115
115
51
33
115
46
12
115
46
46
12
33
15
115
23
89
115
115
25
74
78
114
96
10
115
115
115
70
94
56
86
96
50
73
115
115
115
71
105
113
37
7
13
22
9
115
100
107
41
115
115
59
18
66
13
14
115
13
75
8
109
115
41
115
23
86
115
15
115
115
115
115
101
115
115
36
7
115
115
88
115
115
115
108
53
115
59
100
56
115
76
57
31
88
115
34
7
115
115
6
22
83
82
84
95
115
111
72
109
87
115
115
115
12
8
10
115
103
12
106
12
32
37
115
15
10
46
115
24
115
56
43
115
71
104
15
115
89
36
11
92
96
59
13
115
115
115
109
115
91
11
88
108
76
14
89
115
17
66
115
41
115
73
39
58
14
115
88
115
115
115
98
33
115
110
68
24
75
18
16
115
98
115
81
115
35
115
115
112
26
