48
68
120
109
86
91
75
5
101
116
105
20
81
79
34
119
103
75
123
78
92
16
38
80
32
67
90
94
112
105
10
18
118
125
18
77
60
34
105
20
98
24
91
43
99
93
42
49
33
94
108
112
110
66
103
67
94
13
101
119
30
49
119
68
28
121
44
60
19
65
20
106
26
90
92
121
66
105
99
86
87
13
121
113
107
63
92
78
67
73
57
80
111
103
110
92
95
98
45
24
12
4
16
109
60
56
95
107
106
40
14
102
21
24
84
13
115
18
49
109
34
112
22
103
112
26
114
113
116
92
84
102
111
37
9
109
62
93
104
99
126
100
47
96
84
106
76
113
72
39
26
111
106
32
23
104
113
7
15
94
121
62
109
117
113
113
105
97
109
106
69
56
2
23
43
105
45
103
9
30
14
121
27
13
76
84
47
85
75
92
109
73
114
22
113
94
52
14
53
91
105
12
111
98
105
91
101
87
14
114
103
80
14
88
101
21
52
112
51
102
94
71
63
27
119
115
107
113
113
102
41
102
103
46
34
102
9
14
101
29
109
119
116
30
91
108
85
30
