18
79
106
110
15
6
90
11
79
6
73
30
11
37
67
68
99
22
54
97
10
77
88
83
78
75
11
53
63
100
55
48
37
44
27
18
6
15
112
13
122
13
98
53
52
106
103
123
26
73
39
39
14
11
121
86
56
115
17
104
78
86
98
36
94
52
91
15
74
17
47
21
79
97
8
9
73
97
73
49
31
97
9
14
8
8
106
116
120
61
35
80
9
50
78
91
7
106
15
67
7
124
82
108
79
121
120
39
38
9
87
88
7
51
55
47
81
43
98
10
92
11
34
115
59
99
103
108
83
15
9
42
13
41
88
14
96
82
36
14
95
23
6
35
97
68
14
67
19
10
43
12
13
37
122
80
93
32
103
68
121
48
85
8
23
8
6
57
83
101
81
86
73
121
75
11
108
14
61
85
8
101
89
12
62
101
121
17
16
56
111
23
84
12
43
48
122
56
