13
99
101
83
22
29
60
31
97
51
116
87
7
70
109
79
119
28
88
78
21
73
84
103
65
108
33
63
105
103
64
37
22
31
46
42
16
15
125
44
115
20
120
45
43
111
102
118
16
89
40
66
13
13
121
94
42
111
18
93
87
103
91
33
120
68
109
10
89
23
45
56
75
103
20
2
108
96
91
30
15
104
26
26
10
10
98
125
109
58
57
101
71
79
81
88
3
106
55
98
10
120
86
109
70
95
109
88
49
14
91
68
5
77
45
42
79
83
106
36
103
23
51
103
117
108
102
118
109
22
7
45
21
64
65
27
102
93
22
33
87
44
12
75
117
44
34
88
20
25
58
10
18
33
119
60
112
87
117
107
117
63
77
17
88
8
28
93
82
114
107
117
95
111
59
14
107
8
100
104
16
81
110
19
41
95
105
13
10
83
112
7
116
10
51
52
113
47
